# id	file_path	transparent_color_r	g	b
[TEXTURES]
30	textures\mario.png	255	255	255
100	textures\title.png	255	255	255
105	textures\logo.png	255	255	255
# id	left	top	right	bottom	texture_id
[SPRITES]
# -------------------BIG MARIO -------------------
# idle right
10001	216	243	230	269	30
# IDLE LEFT
10002	176	243	190	269	30
# WALK RIGHT
10003	255	243	270	269	30
10004	295	244	311	269	30
# WALK LEFT
10005	135	243	151	269	30
10006	95	244	111	269	30
#JUMP RIGHT
10007	335	244	351	270	30
#JUMP LEFT
10008	55	244	71	270	30
#WALK TO RIGHT BACK LEFT
10009	215	283	231	311	30
#WALK TO LEFT BACK RIGHT
10010	175	283	191	311	30
# RUN MAX RIGHT
10011	214	323	232	349	30
10012	254	323	272	349	30
10013	294	324	312	349	30
# RUN MAX LEFT
10014	175	323	193	349	30
10015	135	323	153	349	30
10016	95	324	113	349	30
#SIT RIGHT 
10017	376	248	390	266	30
#SIT LEFT
10018	16	248	30	266	30
#FALL RIGHT
10019	295	244	311	270	30
#FALL LEFT
10020	95	244	111	270	30
# RUNNING JUMP RIGHT
10021	334	364	352	389	30
# RUNNING JUMP LEFT
10022	55	364	73	389	30
#HOLD IDLE RIGHT
10023	331	323	347	350	30
#HOLD IDLE LEFT
10024	61	323	75	350	30
#HOLD WALK RIGHT
10025	356	323	371	350	30
10026	381	323	396	350	30
#HOLD WALK LEFT
10027	35	323	50	350	30
10028	10	323	24	350	30
#KICK RIGHT
10029	252	283	273	310	30
#KICK LEFT
10030	133	283	154	310	30
# -------------------SMALL MARIO -------------------
#IDLE RIGHT
11001	217	89	229	105	30
#IDLE LEFT
11002	177	89	189	105	30
#WALK RIGHT
11003	256	89	271	105	30
#WALK LEFT
11004	135	89	149	105	30
#JUMP RIGHT
11005	335	89	351	105	30
#JUMP LEFT
11006	55	89	71	105	30
#WALK TO RIGHT BACK LEFT
11007	216	129	230	145	30
#WALK TO LEFT BACK RIGHT
11008	176	129	190	145	30
#RUN MAX RIGHT
11009	215	169	231	185	30
11010	255	169	271	185	30
#RUN MAX LEFT
11011	175	169	191	185	30
11012	135	169	151	185	30
#FALL RIGHT
11013	335	89	351	105	30
#FALL LEFT
11014	55	89	71	105	30
#RUNNING JUMP RIGHT
11015	215	209	231	225	30
#RUNNING JUMP LEFT
11016	175	209	191	225	30
#HOLD IDLE RIGHT
11017	336	169	350	185	30
#HOLD IDLE LEFT
11018	56	169	70	185	30
#HOLD WALK RIGHT
11019	376	169	391	185	30
#HOLD WALK LEFT
11020	15	169	30	185	30
#KICK RIGHT
11021	255	129	271	145	30
#KICK LEFT
11022	135	129	151	145	30
# -------------------RACCOON MARIO -------------------
# idle right
12001	212	443	232	471	30
# IDLE LEFT
12002	174	443	194	471	30
# WALK RIGHT
12003	262	443	284	471	30	
12004	291	443	313	471	30
# WALK LEFT
12005	122	443	144	471	30
12006	93	443	115	471	30
#JUMP RIGHT
12007	331	443	353	471	30
#JUMP LEFT
12008	52	443	74	471	30
#WALK TO RIGHT BACK LEFT
12009	215	483	231	511	30
#WALK TO LEFT BACK RIGHT
12010	175	483	191	511	30
# RUN MAX RIGHT
12011	211	523	235	551	30
12012	251	523	275	551	30
12013	291	523	315	551	30
# RUN MAX LEFT
12014	171	523	195	551	30
12015	131	523	155	551	30
12016	91	523	115	551	30
#SIT RIGHT 
12017	372	448	394	466	30
#SIT LEFT
12018	12	448	34	466	30
#FALL RIGHT
12019	211	602	235	630	30
#FALL LEFT
12020	170	602	196	630	30
# RUNNING JUMP RIGHT
12021	371	603	395	630	30
# RUNNING JUMP LEFT
12022	11	603	35	630	30
#HOLD IDLE RIGHT
12023	322	523	343	551	30
#HOLD IDLE LEFT
12024	63	523	84	551	30
#HOLD WALK RIGHT
12025	351	523	373	551	30
12026	381	523	404	551	30
#HOLD WALK LEFT
12027	33	523	55	551	30
12028	2	523	25	551	30
# KICK RIGHT
12029	247	483	269	511	30
#KICK LEFT
12030	137	483	159	511	30
#FLY RIGHT
12031	291	603	315	631	30
12032	331	603	355	629	30
12033	371	603	395	629	30
#FLY LEFT
12034	91	603	115	631	30
12035	51	603	75	629	30
12036	11	603	35	629	30
#FALL SLOW RIGHT
12037	252	603	274	631	30
#FALL SLOW LEFT
12038	132	603	154	631	30
#TAIL
12039	0	483	16	511	30
12040	35	483	51	511	30
12041	236	443	258	471	30
12042	147	443	170	471	30
# -------------------FIRE MARIO -------------------
# idle right
13001	216	683	230	709	30
# IDLE LEFT
13002	176	683	190	709	30
# WALK RIGHT
13003	255	683	271	710	30	
13004	295	684	311	710	30
# WALK LEFT
13005	135	684	151	710	30
13006	95	684	111	710	30
#JUMP RIGHT
13007	335	684	351	710	30
#JUMP LEFT
13008	55	684	71	710	30
#WALK TO RIGHT BACK LEFT
13009	215	723	231	751	30
#WALK TO LEFT BACK RIGHT
13010	175	723	191	751	30
# RUN MAX RIGHT
13011	214	763	232	790	30
13012	254	763	272	790	30
13013	294	764	312	790	30
# RUN MAX LEFT
13014	175	763	193	790	30
13015	135	763	153	790	30
13016	95	764	113	790	30
#SIT RIGHT 
13017	376	688	390	706	30
#SIT LEFT
13018	16	688	30	706	30
#FALL RIGHT
13019	295	684	311	710	30
#FALL LEFT
13020	95	684	111	710	30
# RUNNING JUMP RIGHT
13021	334	804	352	830	30
# RUNNING JUMP LEFT
13022	55	804	73	829	30
#HOLD IDLE RIGHT
13023	331	763	345	790	30
#HOLD IDLE LEFT
13024	61	763	75	790	30
#HOLD WALK RIGHT
13025	356	763	371	790	30
13026	380	764	396	790	30
#HOLD WALK LEFT
13027	35	763	50	790	30
13028	10	764	26	790	30
#KICK RIGHT
13029	252	723	273	750	30
#KICK LEFT
13030	133	723	154	750	30
#SHOOT FIRE RIGHT
13031	216	683	230	710	30
13032	366	803	379	830	30
13033	386	803	400	830	30
#SHOOT FIRE LEFT
13034	176	683	190	710	30
13035	26	803	40	830	30
13036	6	803	20	830	30
#DIE
99999	15	209	31	225	30
# -------------------Ground -------------------
#ground
14000	0	188	256	224	100
#Background section 1
14001	516	0	772	184	100
#Background section 2
14002	258	0	514	184	100
#Background section 3
14003	258	0	514	184	100
# -------------------Tree -------------------
15000	50	5	92	45	105
15001	96	5	138	45	105
15002	143	5	185	45	105
15003	189	5	231	45	105
# -------------------Pointer -------------------
16000	51	54	59	62	105
##########################################################################################
[ANIMATIONS]
# ani_id	sprite1_id	time1	sprite2_id	time2	...
# ==== MARIO =========
# -------------------BIG MARIO -------------------
#idle right
100	10001	100
# IDLE LEFT
101	10002	100
# WALK RIGHT
102	10001	100	10003	100	10004	100
# WALK LEFT
103	10002	100	10005	100	10006	100
#JUMP RIGHT
104	10007	100
#JUMP LEFT
105	10008	100
#WALK TO RIGHT BACK LEFT
106	10009	500
#WALK TO LEFT BACK RIGHT
107	10010	500
#RUN RIGHT
108	10001	50	10003	50	10004	50
#RUN LEFT
109	10002	50	10005	50	10006	50
#RUN MAX RIGHT
110	10011	50	10012	50	10013	50
#RUN MAX LEFT
111	10014	50	10015	50	10016	50
#SIT RIGHT 
112	10017	100
#SIT LEFT
113	10018	100
#FALL RIGHT
114	10019	100
#FALL LEFT
115	10020	100
#RUNNING JUMP RIGHT
116	10021	100
#RUNNING JUMP LEFT
117	10022	100
#HOLD IDLE RIGHT
118	10023	100
#HOLD IDLE LEFT
119	10024	100
#HOLD WALK RIGHT
120	10023	100	10025	100	10026	100
#HOLD WALK LEFT
121	10024	100	10027	100	10028	100
#KICK RIGHT
122	10029	100
#KICK LEFT
123	10030	100
#HOLD JUMP RIGHT
124	10025	100
#HOLD JUMP LEFT
125	10027	100
#TRANSFORM BIG RIGHT
126	10001	100	11001	50
#TRANSFORM BIG LEFT
127	10002	100	11002	50
# -------------------SMALL MARIO -------------------
#idle right
200	11001	100
# IDLE LEFT
201	11002	100
# WALK RIGHT
202	11001	100	11003	100
# WALK LEFT
203	11002	100	11004	100
#JUMP RIGHT
204	11005	100
#JUMP LEFT
205	11006	100
#WALK TO RIGHT BACK LEFT
206	11007	500
#WALK TO LEFT BACK RIGHT
207	11008	500
#RUN RIGHT
208	11001	50	11003	50
#RUN LEFT
209	11002	50	11004	50
#RUN MAX RIGHT
210	11009	50	11010	50
#RUN MAX LEFT
211	11011	50	11012	50
#FALL RIGHT
212	11013	100
#FALL LEFT
213	11014	100
#RUNNING JUMP RIGHT
214	11015	100
#RUNNING JUMP LEFT
215	11016	100
#HOLD IDLE RIGHT
216	11017	100
#HOLD IDLE LEFT
217	11018	100
#HOLD WALK RIGHT
218	11017	100	11019	100
#HOLD WALK LEFT
219	11018	100	11020	100
#KICK RIGHT
220	11021	100
#KICK LEFT
221	11022	100
#HOLD JUMP RIGHT
222	11019	100
#HOLD JUMP LEFT
223	11020	100
# -------------------RACCOON MARIO -------------------
#idle right
300	12001	100
# IDLE LEFT
301	12002	100
# WALK RIGHT
302	12001	100	12003	100	12004	100
# WALK LEFT
303	12002	100	12005	100	12006	100
#JUMP RIGHT
304	12007	100
#JUMP LEFT
305	12008	100
#WALK TO RIGHT BACK LEFT
306	12009	500
#WALK TO LEFT BACK RIGHT
307	12010	500
#RUN RIGHT
308	12001	50	12003	50	12004	50
#RUN LEFT
309	12002	50	12005	50	12006	50
#RUN MAX RIGHT
310	12011	50	12012	50	12013	50
#RUN MAX LEFT
311	12014	50	12015	50	12016	50
#SIT RIGHT 
312	12017	100
#SIT LEFT
313	12018	100
#FALL RIGHT
314	12019	100
#FALL LEFT
315	12020	100
#RUNNING JUMP RIGHT
316	12021	100
#RUNNING JUMP LEFT
317	12022	100
#HOLD IDLE RIGHT
318	12023	100
#HOLD IDLE LEFT
319	12024	100
#HOLD WALK RIGHT
320	12023	100	12025	100	12026	100
#HOLD WALK LEFT
321	12024	100	12027	100	12028	100
#KICK RIGHT
322	12029	100
#KICK LEFT
323	12030	100
#FLY RIGHT
324	12031	100	12032	100	12033	100
#FLY LEFT
325	12034	100	12035	100	12036	100
#FALL FLY RIGHT
326	12032	100
#FALL FLY LEFT
327	12035	100
#FALL SLOW RIGHT
328	12019	50	12037	50
#FALL SLOW LEFT
329	12020	50	12038	50
#HOLD JUMP_RIGHT
330	12025	100
#HOLD JUMP LEFT
331	12027	100
#TAIL RIGHT
332	12041	100	12039	100	12042	100	12040	100	12041	100
#TAIL LEFT
333	12042	100	12040	100	12041	100	12039	100	12042	100
# -------------------FIRE MARIO -------------------
#idle right
400	13001	100
# IDLE LEFT
401	13002	100
# WALK RIGHT
402	13001	100	13003	100	13004	100
# WALK LEFT
403	13002	100	13005	100	13006	100
#JUMP RIGHT
404	13007	100
#JUMP LEFT
405	13008	100
#WALK TO RIGHT BACK LEFT
406	13009	500
#WALK TO LEFT BACK RIGHT
407	13010	500
#RUN RIGHT
408	13001	50	13003	50	13004	50
#RUN LEFT
409	13002	50	13005	50	13006	50
#RUN MAX RIGHT
410	13011	50	13012	50	13013	50
#RUN MAX LEFT
411	13014	50	13015	50	13016	50
#SIT RIGHT 
412	13017	100
#SIT LEFT
413	13018	100
#FALL RIGHT
414	13019	100
#FALL LEFT
415	13020	100
#RUNNING JUMP RIGHT
416	13021	100
#RUNNING JUMP LEFT
417	13022	100
#HOLD IDLE RIGHT
418	13023	100
#HOLD IDLE LEFT
419	13024	100
#HOLD WALK RIGHT
420	13023	100	13025	100	13026	100
#HOLD WALK LEFT
421	13024	100	13027	100	13028	100
#KICK RIGHT
422	13029	100
#KICK LEFT
423	13030	100
#SHOOT FIRE RIGHT
424	13031	100	13032	100	13033	100
#SHOOT FIRE LEFT
425	13034	100	13035	100	13036	100
#HOLD JUMP RIGHT
426	13025	100
#HOLD JUMP LEFT
427	13027	100
################################
#DIE 
428	99999	100
# -------------------IntroAni -------------------
#Ground
500	14000	100
#---- Background section 1 
501	14001	100
#---- Background section 2
502	14002	100
#---- Background section 3 
503	14003	100
#---- THREE
600	15000	200	15001	200	15002	200	15003	200
#----Pointer
700	16000	100
############################################################################################
[ANIMATION_SETS]
#Mario
#	0	1	2	3	4	5	6	7	8	9	10	11	12	13	14	15	16	17	18	19	20	21	22	23	24	25	26	27	28	29	30	31	32	33	34	35	36	37	38	39	40	41	42	43	44	45	46	47	48	49	50	51	52	53	54	55	56	57	58	59	60	61	62	63	64	65	66	67	68	69	70	71	72	73	74	75	76	77	78	79	80	81	82	83	84	85	86	87	88	89	90	91	92	93	94	95	96	97	98	99	100	101	102	103	104	105	106	107	108	109	110	111	112	113	114
1	100	101	102	103	104	105	106	107	108	109	110	111	112	113	114	115	116	117	118	119	120	121	122	123	124	125	126	127	200	201	202	203	204	205	206	207	208	209	210	211	212	213	214	215	216	217	218	219	220	221	222	223	300	301	302	303	304	305	306	307	308	309	310	311	312	313	314	315	316	317	318	319	320	321	322	323	324	325	326	327	328	329	330	331	332	333	400	401	402	403	404	405	406	407	408	409	410	411	412	413	414	415	416	417	418	419	420	421	422	423	424	425	426	427	428
#Ground
2	500	501	502	503
#Three
3	600
#pointer
4	700
#############################################################################################
[OBJECTS]
Introgameobj.txt