# id	file_path	transparent_color_r	g	b
[TEXTURES]
30	textures\mario.png	255	255	255
10	textures\enemies.png	3	26	110
15	textures\misc1.png	166	185	255
20	textures\misc.png	176	224	248
25	textures\effect.png	176	224	248
35	textures\font.png	255	0	255
45	textures\board.png	255	0	255
50	textures\enemies4.png	255	255	255
55	textures\Font1.png	255	0	255
70	textures\enemies5.png	255	255	255
90	textures\misc2.png	0	117	255
35	textures\font.png	255	0	255
11	textures\misc-2.png	0	117	255
60	textures\world1-1_bank.png	0	0	90
# id	left	top	right	bottom	texture_id
[SPRITES]
# -------------------BIG MARIO -------------------
# idle right
10001	216	243	230	270	30
# IDLE LEFT
10002	176	243	190	270	30
# WALK RIGHT
10003	255	243	271	270	30
10004	295	244	311	270	30
# WALK LEFT
10005	135	243	151	270	30
10006	95	244	111	270	30
#JUMP RIGHT
10007	335	244	351	270	30
#JUMP LEFT
10008	55	244	71	270	30
#WALK TO RIGHT BACK LEFT
10009	215	283	231	311	30
#WALK TO LEFT BACK RIGHT
10010	175	283	191	311	30
#FALL RIGHT
10011	295	244	311	270	30
#FALL LEFT
10012	95	244	111	270	30
# -------------------SMALL MARIO -------------------
#IDLE RIGHT
11001	217	89	229	104	30
#IDLE LEFT
11002	177	89	189	104	30
#WALK RIGHT
11003	256	89	271	104	30
#WALK LEFT
11004	135	89	150	104	30
#JUMP RIGHT
11005	335	89	351	105	30
#JUMP LEFT
11006	55	89	71	105	30
#WALK TO RIGHT BACK LEFT
11007	216	129	230	145	30
#WALK TO LEFT BACK RIGHT
11008	176	129	190	145	30
# -------------------RACCOON MARIO -------------------
# idle right
12001	212	443	234	471	30
# IDLE LEFT
12002	173	443	195	472	30
# WALK RIGHT
12003	262	443	284	472	30	
12004	291	443	314	472	30
# WALK LEFT
12005	122	443	144	470	30
12006	92	443	115	470	30
#JUMP RIGHT
12007	331	443	354	470	30
#JUMP LEFT
12008	52	443	75	470	30
#WALK TO RIGHT BACK LEFT
12009	214	482	233	511	30
#WALK TO LEFT BACK RIGHT
12010	175	482	192	511	30
# -------------------FIRE MARIO -------------------
# idle right
13001	216	683	230	710	30
# IDLE LEFT
13002	176	683	190	710	30
# WALK RIGHT
13003	255	683	271	710	30	
13004	295	684	311	710	30
# WALK LEFT
13005	135	684	151	710	30
13006	95	684	111	710	30
#JUMP RIGHT
13007	335	684	351	710	30
#JUMP LEFT
13008	55	684	71	710	30
#WALK TO RIGHT BACK LEFT
13009	215	723	231	751	30
#WALK TO LEFT BACK RIGHT
13010	175	723	191	751	30
#DIE
999	15	209	31	225	30			
# ani_id	sprite1_id	time1	sprite2_id	time2	...
[ANIMATIONS]
# ==== MARIO =========
# -------------------BIG MARIO -------------------
#idle right
100	10001	100
# IDLE LEFT
101	10002	100
# WALK RIGHT
102	10001	100	10003	100	10004	100
# WALK LEFT
103	10002	100	10005	100	10006	100
#JUMP RIGHT
104	10007	100
#JUMP LEFT
105	10008	100
#WALK TO RIGHT BACK LEFT
106	10015	500
#WALK TO LEFT BACK RIGHT
107	10016	500
# -------------------SMALL MARIO -------------------
#idle right
200	11001	100
# IDLE LEFT
201	11002	100
# WALK RIGHT
202	11001	100	11003	100
# WALK LEFT
203	11002	100	11004	100
#JUMP RIGHT
204	11005	100
#JUMP LEFT
205	11006	100
#WALK TO RIGHT BACK LEFT
206	11011	500
#WALK TO LEFT BACK RIGHT
207	11012	500
# -------------------RACCOON MARIO -------------------
#idle right
300	12001	100
# IDLE LEFT
301	12002	100
# WALK RIGHT
302	12001	100	12003	100	12004	100
# WALK LEFT
303	12002	100	12005	100	12006	100
#JUMP RIGHT
304	12007	100
#JUMP LEFT
305	12008	100
#WALK TO RIGHT BACK LEFT
306	12015	500
#WALK TO LEFT BACK RIGHT
307	12016	500
# -------------------FIRE MARIO -------------------
#idle right
400	13001	100
# IDLE LEFT
401	13002	100
# WALK RIGHT
402	13001	100	13003	100	13004	100
# WALK LEFT
403	13002	100	13005	100	13006	100
#JUMP RIGHT
404	13007	100
#JUMP LEFT
405	13008	100
#WALK TO RIGHT BACK LEFT
406	13015	500
#WALK TO LEFT BACK RIGHT
407	13016	500
#DIE 
999	999	100
#
# id	ani1	ani2	ani3
#
[ANIMATION_SETS]
# MARIO
#	0	1	2	3	4	5	6	7	8	9	10	11	12	13	14	15	16
1	100	101	102	103	104	105	106	107	200	201	202	203	204	205	206	207	300	301	302	303	304	305	306	307	400	401	402	403	404	405	406	407	999
[OBJECTS]
#object.txt
#############MARIO#############
# MARIO
0	30	300	1
#############PLATFORM#############
7	0	416	0	1
7	16	416	0	1
7	32	416	0	1
7	48	416	0	1
7	64	416	0	1
7	80	416	0	1
7	96	416	0	1
7	112	416	0	1
7	128	416	0	1
7	144	416	0	1
7	160	416	0	1
7	176	416	0	1
7	192	416	0	1
7	208	416	0	1
7	224	416	0	1
7	240	416	0	1
7	256	416	0	1
7	272	416	0	1
7	288	416	0	1
7	304	416	0	1
7	320	416	0	1
7	336	416	0	1
7	352	416	0	1
7	368	416	0	1
7	384	416	0	1
7	400	416	0	1
7	416	416	0	1
7	432	416	0	1
7	448	416	0	1
7	464	416	0	1
7	480	416	0	1
7	496	416	0	1
7	512	416	0	1
7	528	416	0	1
7	544	416	0	1
7	560	416	0	1
7	576	416	0	1
7	592	416	0	1
7	608	416	0	1
7	624	400	0	1
7	640	400	0	1
7	656	400	0	1
7	672	400	0	1
7	688	400	0	1
7	704	400	0	1
7	720	400	0	1
7	736	400	0	1
7	752	400	0	1
7	768	400	0	1
7	784	400	0	1
7	800	400	0	1
7	816	400	0	1
7	832	400	0	1
7	848	400	0	1
7	864	400	0	1
7	880	400	0	1
7	896	400	0	1
7	912	400	0	1
7	928	400	0	1
7	944	400	0	1
7	960	400	0	1
7	976	400	0	1
7	992	400	0	1
7	1008	400	0	1
7	1024	400	0	1
7	1040	400	0	1
7	1056	400	0	1
7	1072	400	0	1
7	1152	416	0	1
7	1168	416	0	1
7	1184	416	0	1
7	1200	416	0	1
7	1216	416	0	1
7	1232	416	0	1
7	1248	416	0	1
7	1264	416	0	1
7	1280	416	0	1
7	1296	416	0	1
7	1312	416	0	1
7	1328	416	0	1
7	1344	416	0	1
7	1360	416	0	1
7	1376	416	0	1
7	1392	416	0	1
7	1408	416	0	1
7	1424	416	0	1
7	1440	416	0	1
7	1456	416	0	1
7	1472	416	0	1
7	1488	416	0	1
7	1536	416	0	1
7	1552	416	0	1
7	1568	416	0	1
7	1584	416	0	1
7	1600	416	0	1
7	1664	416	0	1
7	1680	416	0	1
7	1696	416	0	1
7	1712	416	0	1
7	1728	416	0	1
7	1744	416	0	1
7	1760	416	0	1
7	1776	416	0	1
7	1792	416	0	1
7	1808	416	0	1
7	1824	416	0	1
7	1840	416	0	1
7	1856	416	0	1
7	1872	416	0	1
7	1888	416	0	1
7	1904	416	0	1
7	1920	416	0	1
7	1936	416	0	1
7	1952	416	0	1
7	1968	416	0	1
7	1984	416	0	1
7	2000	416	0	1
7	2016	416	0	1
7	2032	416	0	1
7	2048	416	0	1
7	2064	416	0	1
7	2080	416	0	1
7	2096	416	0	1
7	2112	416	0	1
7	2128	416	0	1
7	2144	416	0	1
7	2160	416	0	1
7	2176	416	0	1
7	2192	416	0	1
7	2208	416	0	1
7	2220	416	0	1
7	2256	416	0	1
7	2272	416	0	1
7	2288	416	0	1
7	2304	416	0	1
7	2320	416	0	1
7	2336	416	0	1
7	2352	416	0	1
7	2368	416	0	1
7	2384	416	0	1
7	2400	416	0	1
7	2416	416	0	1
7	2432	416	0	1
7	2448	416	0	1
7	2464	416	0	1
7	2480	416	0	1
7	2496	416	0	1
7	2512	416	0	1
7	2528	416	0	1
7	2544	416	0	1
7	2560	416	0	1
7	2576	416	0	1
7	2592	416	0	1
7	2608	416	0	1
7	2624	416	0	1
7	2640	416	0	1
7	2656	416	0	1
7	2672	416	0	1
7	2688	416	0	1
7	2704	416	0	1
7	2720	416	0	1
7	2736	416	0	1
7	2752	416	0	1
7	2768	416	0	1
7	2784	416	0	1
7	2800	416	0	1
#
7	1504	336	0	1
7	1520	336	0	1
#
7	1600	368	0	1
7	1584	384	0	1
7	1600	384	0	1
7	1568	400	0	1
7	1584	400	0	1
7	1600	400	0	1
#
7	1664	368	0	1
7	1664	384	0	1
7	1680	384	0	1
7	1664	400	0	1
7	1680	400	0	1
7	1696	400	0	1
#cột ở cuối map
7	2256	304	0	1
7	2272	304	0	1
7	2256	288	0	1
7	2272	288	0	1
7	2256	272	0	1
7	2272	272	0	1
7	2256	256	0	1
7	2272	256	0	1
7	2256	240	0	1
7	2272	240	0	1
7	2256	224	0	1
7	2272	224	0	1
7	2256	208	0	1
7	2272	208	0	1
7	2256	192	0	1
7	2272	192	0	1
7	2256	176	0	1
7	2272	176	0	1
7	2256	160	0	1
7	2272	160	0	1
7	2256	134	0	1
7	2272	134	0	1
7	2256	368	0	1
7	2272	368	0	1
7	2256	384	0	1
7	2272	384	0	1
7	2256	400	0	1
7	2272	400	0	1
# --- SCENE PORTAL ----
# type	l	t	ani_set_id	r	b	scene_id
50	300	98	0	316	150	2
[TILEMAP]
map1_1_map.txt
