#Grass
20	16	16	2
20	32	16	2
20	48	16	2
20	16	32	2
20	32	32	2
20	48	32	2
20	16	64	2
20	32	64	2
20	48	64	2
20	16	80	2
20	32	80	2
20	48	80	2
20	16	96	2
20	80	32	2
20	96	32	2
20	112	32	2
20	80	48	2
20	96	48	2
20	112	48	2
20	80	64	2
20	96	64	2
20	112	64	2
20	144	32	2
20	160	32	2
20	176	32	2
20	208	16	2
20	224	16	2
20	208	32	2
20	224	32	2
20	208	48	2
20	224	48	2
20	208	64	2
20	224	64	2
20	144	64	2
20	160	64	2
20	176	64	2
20	192	64	2
20	224	80	2
20	224	96	2
20	224	112	2
20	224	128	2
20	224	144	2
20	144	80	2
20	160	80	2
20	128	96	2
20	112	96	2
20	96	96	2
#DOOR
13	32	48	3	0
13	65	17	3	1
13	128	17	3	2
13	160	49	3	3
13	160	18	3	4
13	65	145	3	5
13	129	145	3	6
13	128	81	3	7
#Hammer
15	156	112	4
#Help
16	208	108	5
#Block
#				l	r	b	t
#---start
14	32	48	0	0	1	0	0
#---scene
14	65	48	0	1	0	0	1
14	66	18	0	0	1	1	0
14	100	18	0	1	1	0	0
14	130	18	0	1	1	1	0
14	160	18	0	1	1	0	0
14	196	18	0	1	0	1	0
14	132	48	0	0	1	1	1
14	160	48	0	1	1	0	0
14	192	48	0	1	0	0	1
14	130	78	0	1	0	0	1
14	98	78	0	1	1	0	0
14	68	78	0	0	1	1	1
14	68	61	0	0	0	1	0
14	98	110	0	0	1	0	0
14	68	112	0	0	0	1	1
14	68	145	0	0	1	0	1
14	100	145	0	1	1	0	0
14	132	144	0	1	0	0	1
14	132	112	0	1	1	1	0
14	164	112	0	1	1	0	0
14	190	112	0	1	0	0	0
#Mario
0	32	48	1